function [Operators] = objectiveFunction()
Operators.evaluate=@(state,control)evaluate(state,control);
Operators.gradient=@(state,control)gradient(state,control);
end
% Objective function evaluation
function [output] = evaluate(state,control)
S = [2.0000 1.3536 1.0000 0.6768 0.4000 0.2155 0.1429 0.1616 0.2222;
     1.3536 3.0000 1.3536 0.6667 0.3232 0.2000 0.2155 0.2857 0.3384;
     1.0000 1.3536 2.0000 0.6464 0.3333 0.3232 0.4000 0.4512 0.4286;
     0.6768 0.6667 0.6464 1.0000 0.6464 0.6667 0.6768 0.6000 0.4512;
     0.4000 0.3232 0.3333 0.6464 2.0000 1.3536 1.0000 0.6768 0.4000;
     0.2155 0.2000 0.3232 0.6667 1.3536 3.0000 1.3536 0.6667 0.3232;
     0.1429 0.2155 0.4000 0.6768 1.0000 1.3536 2.0000 0.6464 0.3333;
     0.1616 0.2857 0.4512 0.6000 0.6768 0.6667 0.6464 1.0000 0.6464;
     0.2222 0.3384 0.4286 0.4512 0.4000 0.3232 0.3333 0.6464 2.0000];
S = (1/log(9)).*S;
output = control'*S*control;
end
% objective function gradient
function [output] = gradient(state,control)
S = [2.0000 1.3536 1.0000 0.6768 0.4000 0.2155 0.1429 0.1616 0.2222;
     1.3536 3.0000 1.3536 0.6667 0.3232 0.2000 0.2155 0.2857 0.3384;
     1.0000 1.3536 2.0000 0.6464 0.3333 0.3232 0.4000 0.4512 0.4286;
     0.6768 0.6667 0.6464 1.0000 0.6464 0.6667 0.6768 0.6000 0.4512;
     0.4000 0.3232 0.3333 0.6464 2.0000 1.3536 1.0000 0.6768 0.4000;
     0.2155 0.2000 0.3232 0.6667 1.3536 3.0000 1.3536 0.6667 0.3232;
     0.1429 0.2155 0.4000 0.6768 1.0000 1.3536 2.0000 0.6464 0.3333;
     0.1616 0.2857 0.4512 0.6000 0.6768 0.6667 0.6464 1.0000 0.6464;
     0.2222 0.3384 0.4286 0.4512 0.4000 0.3232 0.3333 0.6464 2.0000];
S = (1/log(9)).*S;
output = 2.*(S*control);
end